%YAML:1.0
---
K: !!opencv-matrix
   rows: 3
   cols: 3
   dt: d
   data: [ 1.9532341937589392e+03, 0., 2.0476393525795158e+03, 0.,
       1.9478691595794269e+03, 1.5618503581569305e+03, 0., 0., 1. ]
D: !!opencv-matrix
   rows: 1
   cols: 5
   dt: d
   data: [ 1.0312828219122635e-04, -7.0288093406336433e-05,
       7.3871847877523614e-05, -5.3468445449219562e-04,
       5.4279046020816315e-05 ]
R_co: !!opencv-matrix
   rows: 3
   cols: 3
   dt: d
   data: [ -9.9967001471289596e-01, -2.3255054165243552e-02,
       1.0911651556463814e-02, -2.5631490299753548e-02,
       9.3111883164315590e-01, -3.6381416693759705e-01,
       -1.6995260903349962e-03, -3.6397379550629150e-01,
       -9.3140763782342495e-01 ]
R_oc: !!opencv-matrix
   rows: 3
   cols: 3
   dt: d
   data: [ -9.9967001471289596e-01, -2.5631490299753548e-02,
       -1.6995260903349962e-03, -2.3255054165243552e-02,
       9.3111883164315590e-01, -3.6397379550629150e-01,
       1.0911651556463814e-02, -3.6381416693759705e-01,
       -9.3140763782342495e-01 ]
T_co: !!opencv-matrix
   rows: 3
   cols: 1
   dt: d
   data: [ 7.0291938449480494e+02, -1.6464033999037606e+03,
       4.3147289923647522e+03 ]
T_oc: !!opencv-matrix
   rows: 3
   cols: 1
   dt: d
   data: [ 6.6782065316103558e+02, 3.1197919264239708e+03,
       3.4121166458515950e+03 ]
