%YAML:1.0
---
R_op: !!opencv-matrix
   rows: 3
   cols: 3
   dt: d
   data: [ 9.9998163791435646e-01, 2.3120611328253382e-17,
       6.0600193169026619e-03, 1.6981862973596259e-04,
       9.9960728459536730e-01, -2.8022272311672199e-02,
       -6.0576394539475073e-03, 2.8022786868484657e-02,
       9.9958892972079738e-01 ]
R_po: !!opencv-matrix
   rows: 3
   cols: 3
   dt: d
   data: [ 9.9998163791435646e-01, 1.6981862973596259e-04,
       -6.0576394539475073e-03, 2.3120611328253382e-17,
       9.9960728459536730e-01, 2.8022786868484657e-02,
       6.0600193169026619e-03, -2.8022272311672199e-02,
       9.9958892972079738e-01 ]
T_op: !!opencv-matrix
   rows: 3
   cols: 1
   dt: d
   data: [ -7.2382827849150544e-01, 3.3470707049074022e+00,
       -1.1939413001224148e+02 ]
T_po: !!opencv-matrix
   rows: 3
   cols: 1
   dt: d
   data: [ 2.0355939156502245e-12, 0., 1.1944322957397131e+02 ]
RMSE: 2.0843401165350400e+01
