%YAML:1.0
---
R_op: !!opencv-matrix
   rows: 3
   cols: 3
   dt: d
   data: [ 9.9993700790838458e-01, 1.6100402261409741e-16,
       1.1224090841916444e-02, -4.0966145319898384e-04,
       9.9933371111606217e-01, 3.6496109443235891e-02,
       -1.1216612354945959e-02, -3.6498408554331375e-02,
       9.9927076099537693e-01 ]
R_po: !!opencv-matrix
   rows: 3
   cols: 3
   dt: d
   data: [ 9.9993700790838458e-01, -4.0966145319898384e-04,
       -1.1216612354945959e-02, 1.6100402261409741e-16,
       9.9933371111606217e-01, -3.6498408554331375e-02,
       1.1224090841916444e-02, 3.6496109443235891e-02,
       9.9927076099537693e-01 ]
T_op: !!opencv-matrix
   rows: 3
   cols: 1
   dt: d
   data: [ -6.9344820394755069e-01, -2.2548072624262510e+00,
       -6.1737072893400665e+01 ]
T_po: !!opencv-matrix
   rows: 3
   cols: 1
   dt: d
   data: [ 6.3071770028955143e-13, -4.4408920985006262e-16,
       6.1782126830073722e+01 ]
RMSE: 2.1691571630961921e+01
