%YAML:1.0
---
K: !!opencv-matrix
   rows: 3
   cols: 3
   dt: d
   data: [ 1.9532727457517317e+03, 0., 2.0517841280977041e+03, 0.,
       1.9478323714234964e+03, 1.5612071372392795e+03, 0., 0., 1. ]
D: !!opencv-matrix
   rows: 1
   cols: 5
   dt: d
   data: [ 7.2693206919432540e-02, -2.6663433077541317e-02,
       1.6600362911364064e-03, 3.5767546601669432e-04,
       -4.8281717444429977e-03 ]
