%YAML:1.0
---
K: !!opencv-matrix
   rows: 3
   cols: 3
   dt: d
   data: [ 975.376, 0., 1023.08,
       0., 974.791, 778.696,
       0., 0., 1. ]
D: !!opencv-matrix
   rows: 1
   cols: 8
   dt: d
   data: [ 0.500576, -2.6038, 0.0010786, -0.000287921, 1.46841, 0.378761, -2.42731, 1.39689 ]
