%YAML:1.0
---
K: !!opencv-matrix
   rows: 3
   cols: 3
   dt: d
   data: [ 9.7537599999999998e+02, 0., 1.0230800000000000e+03, 0.,
       9.7479100000000005e+02, 7.7869600000000003e+02, 0., 0., 1. ]
D: !!opencv-matrix
   rows: 1
   cols: 8
   dt: d
   data: [ 5.0000000000000004e-06, -5.0000000000000004e-06,
       5.0000000000000004e-06, -5.0000000000000002e-05,
       5.0000000000000004e-06, 5.0000000000000002e-05,
       -5.0000000000000002e-05, 5.0000000000000004e-06 ]
R_co: !!opencv-matrix
   rows: 3
   cols: 3
   dt: d
   data: [ 9.8329617687540027e-01, -1.7876386484929799e-01,
       3.4236079891881988e-02, -9.0899870185690318e-02,
       -6.4526779194716588e-01, -7.5852929427666371e-01,
       1.5768906792306825e-01, 7.4274689989240006e-01,
       -6.5073896499117279e-01 ]
R_oc: !!opencv-matrix
   rows: 3
   cols: 3
   dt: d
   data: [ 9.8329617687540027e-01, -9.0899870185690318e-02,
       1.5768906792306825e-01, -1.7876386484929799e-01,
       -6.4526779194716588e-01, 7.4274689989240006e-01,
       3.4236079891881988e-02, -7.5852929427666371e-01,
       -6.5073896499117279e-01 ]
T_co: !!opencv-matrix
   rows: 3
   cols: 1
   dt: d
   data: [ -1.7412822645224126e+03, 1.4532374112902223e+03,
       2.1630578485603983e+03 ]
T_oc: !!opencv-matrix
   rows: 3
   cols: 1
   dt: d
   data: [ 1.5032047095979312e+03, -9.8015556314746755e+02,
       2.5695238523131511e+03 ]
